flog_scale=false
alog_scale=false
auto_learn=false
writable=false
startup_time=400
sound_filter=200.0
thresh_trigger_on=3.0
thresh_trigger_off=3.0
thresh_count_on=4
thresh_count_off=10
thresh_recognize=0.5
bias=1.0
acompress=0.3
learn_param_o=8.0
learn_param_x=128.0
limit_length=1.2
enhance=0.27

0.0
1.0
1.0
1.0
1.0
1.0
1.0
1.0
1.0
1.0
1.0
1.0
1.0
1.0
1.0
1.0
1.0
1.0
1.0
1.0
1.0
1.0
1.0
1.0
1.0
1.0
1.0
1.0
1.0
1.0
1.0
1.0
1.0
1.0
1.0
1.0
1.0
1.0
1.0
1.0
1.0
1.0
1.0
1.0
1.0
1.0
1.0
1.0
1.0
1.0
1.0
1.0
1.0
1.0
1.0
1.0
1.0
1.0
1.0
1.0
1.0
1.0
1.0
1.0
1.0
1.0
1.0
1.0
1.0
1.0
1.0
1.0
1.0
1.0
1.0
1.0
1.0
1.0
1.0
1.0
1.0
1.0
1.0
1.0
1.0
1.0
1.0
1.0
1.0
1.0
1.0
1.0
1.0
1.0
1.0
1.0
1.0
1.0
1.0
1.0
1.0
1.0
1.0
1.0
1.0
1.0
1.0
1.0
1.0
1.0
1.0
1.0
1.0
1.0
1.0
1.0
1.0
1.0
1.0
1.0
1.0
1.0
1.0
1.0
1.0
1.0
1.0
1.0

モード切替
1.0
-1
1
0.0
違う
1.0
67
1
0.0
消す
1.0
67
1
0.0
HOME
1.0
3
1
0.0
戻る
1.0
4
1
0.0
Enter
1.0
66
1
0.0
右
1.0
22
1
0.0
左
1.0
21
1
0.0
上
1.0
19
1
0.0
下
1.0
20
1
0.0
A
1.0
29
1
0.0
B
1.0
30
1
0.0
C
1.0
31
1
0.0
D
1.0
32
1
0.0
E
1.0
33
1
0.0
F
1.0
34
1
0.0
G
1.0
35
1
0.0
H
1.0
36
1
0.0
I
1.0
37
1
0.0
J
1.0
38
1
0.0
K
1.0
39
1
0.0
L
1.0
40
1
0.0
M
1.0
41
1
0.0
N
1.0
42
1
0.0
O
1.0
43
1
0.0
P
1.0
44
1
0.0
Q
1.0
45
1
0.0
R
1.0
46
1
0.0
S
1.0
47
1
0.0
T
1.0
48
1
0.0
U
1.0
49
1
0.0
V
1.0
50
1
0.0
W
1.0
51
1
0.0
X
1.0
52
1
0.0
Y
1.0
53
1
0.0
Z
1.0
54
1
0.0
スペース
1.0
62
1
0.0
0
1.0
7
1
0.0
1
1.0
8
1
0.0
2
1.0
9
1
0.0
3
1.0
10
1
0.0
4
1.0
11
1
0.0
5
1.0
12
1
0.0
6
1.0
13
1
0.0
7
1.0
14
1
0.0
8
1.0
15
1
0.0
9
1.0
16
1
0.0
!
1.0
2107
1
0.0
"
1.0
15161
1
0.0
#
1.0
2619
1
0.0
$
1.0
2875
1
0.0
%
1.0
3131
1
0.0
&
1.0
3643
1
0.0
'
1.0
75
1
0.0
(
1.0
4155
1
0.0
)
1.0
1851
1
0.0
[
1.0
71
1
0.0
]
1.0
72
1
0.0
{
1.0
18235
1
0.0
}
1.0
18491
1
0.0
=
1.0
70
1
0.0
+
1.0
81
1
0.0
-
1.0
69
1
0.0
*
1.0
17
1
0.0
/
1.0
76
1
0.0
<
1.0
14139
1
0.0
>
1.0
14395
1
0.0
?
1.0
19515
1
0.0
:
1.0
19003
1
0.0
;
1.0
74
1
0.0
,
1.0
55
1
0.0
.
1.0
56
1
0.0
\
1.0
73
1
0.0
@
1.0
77
1
0.0
^
1.0
3387
1
0.0
~
1.0
1851
1
0.0
|
1.0
18747
1
0.0
_
1.0
17723
1
0.0
TAB
1.0
61
1
0.0
SHIFT
1.0
59
1
0.0
ALT
1.0
57
1
0.0
終了
1.0
-1
1
0.0
END
