auto_learn=true
flog_scale=false
alog_scale=false
startup_time=400
sound_filter=200.0
thresh_trigger_on=4.0
thresh_trigger_off=4.0
thresh_count_on=4
thresh_count_off=10
thresh_recognize=0.5
bias=1.0
acompress=0.4
learn_param=8.0
limit_length=1.2

0.0
1.0
1.0
1.0
1.0
1.0
1.0
1.0
1.0
1.0
1.0
1.0
1.0
1.0
1.0
1.0
1.0
1.0
1.0
1.0
1.0
1.0
1.0
1.0
1.0
1.0
1.0
1.0
1.0
1.0
1.0
1.0
1.0
1.0
1.0
1.0
1.0
1.0
1.0
1.0
1.0
1.0
1.0
1.0
1.0
1.0
1.0
1.0
1.0
1.0
1.0
1.0
1.0
1.0
1.0
1.0
1.0
1.0
1.0
1.0
1.0
1.0
1.0
1.0
1.0
1.0
1.0
1.0
1.0
1.0
1.0
1.0
1.0
1.0
1.0
1.0
1.0
1.0
1.0
1.0
1.0
1.0
1.0
1.0
1.0
1.0
1.0
1.0
1.0
1.0
1.0
1.0
1.0
1.0
1.0
1.0
1.0
1.0
1.0
1.0
1.0
1.0
1.0
1.0
1.0
1.0
1.0
1.0
1.0
1.0
1.0
1.0
1.0
1.0
1.0
1.0
1.0
1.0
1.0
1.0
1.0
1.0
1.0
1.0
1.0
1.0
1.0
1.0

モード切替
1
-1
1
0
違う
1
67
1
0
Enter
1
66
1
0
右
1
22
1
0
左
1
21
1
0
上
1
19
1
0
下
1
20
1
0
A
1
29
1
0
B
1
30
1
0
C
1
31
1
0
D
1
32
1
0
E
1
33
1
0
F
1
34
1
0
G
1
35
1
0
H
1
36
1
0
I
1
37
1
0
J
1
38
1
0
K
1
39
1
0
L
1
40
1
0
M
1
41
1
0
N
1
42
1
0
O
1
43
1
0
P
1
44
1
0
Q
1
45
1
0
R
1
46
1
0
S
1
47
1
0
T
1
48
1
0
U
1
49
1
0
V
1
50
1
0
W
1
51
1
0
X
1
52
1
0
Y
1
53
1
0
Z
1
54
1
0
END
