startup_time=400
sound_filter=200.0
thresh_trigger_on=3.0
thresh_trigger_off=3.0
thresh_count_on=4
thresh_count_off=10
thresh_recognize=0.1
rcompress=0.28
filter_size=1
kpenalty = 1.0

0.2
0.2
0.2
0.2
1.0
0.2
0.2
0.2
0.2

0.0
1.0
1.0
1.0
1.0
1.0
1.0
1.0
1.0
1.0
1.0
1.0
1.0
1.0
1.0
1.0
1.0
1.0
1.0
1.0
1.0
1.0
1.0
1.0
1.0
1.0
1.0
1.0
1.0
1.0
1.0
1.0
1.0
1.0
1.0
1.0
1.0
1.0
1.0
1.0
1.0
1.0
1.0
1.0
1.0
1.0
1.0
1.0
1.0
1.0
1.0
1.0
1.0
1.0
1.0
1.0
1.0
1.0
1.0
1.0
1.0
1.0
1.0
1.0
1.0
1.0
1.0
1.0
1.0
1.0
1.0
1.0
1.0
1.0
1.0
1.0
1.0
1.0
1.0
1.0
1.0
1.0
1.0
1.0
1.0
1.0
1.0
1.0
1.0
1.0
1.0
1.0
1.0
1.0
1.0
1.0
1.0
1.0
1.0
1.0
1.0
1.0
1.0
1.0
1.0
1.0
1.0
1.0
1.0
1.0
1.0
1.0
1.0
1.0
1.0
1.0
1.0
1.0
1.0
1.0
1.0
1.0
1.0
1.0
1.0
1.0
1.0
1.0

違う
67
1
1
1
0
Enter
66
1
1
1
0
右
22
1
1
1
0
左
21
1
1
1
0
上
19
1
1
1
0
下
20
1
1
1
0
A
29
1
1
1
0
B
30
1
1
1
0
C
31
1
1
1
0
D
32
1
1
1
0
E
33
1
1
1
0
F
34
1
1
1
0
G
35
1
1
1
0
H
36
1
1
1
0
I
37
1
1
1
0
J
38
1
1
1
0
K
39
1
1
1
0
L
40
1
1
1
0
M
41
1
1
1
0
N
42
1
1
1
0
O
43
1
1
1
0
P
44
1
1
1
0
Q
45
1
1
1
0
R
46
1
1
1
0
S
47
1
1
1
0
T
48
1
1
1
0
U
49
1
1
1
0
V
50
1
1
1
0
W
51
1
1
1
0
X
52
1
1
1
0
Y
53
1
1
1
0
Z
54
1
1
1
0
END
